840
3096
7776
1512
8884
806
9023
3814
3318
553
1138
147
1628
2683
2061
7999
2695
5781
6266
8788
1279
5484
2722
6858
5723
4275
41
7474
5047
5862
8085
1828
9144
4149
3472
6851
8471
9036
3652
2954
3371
5510
7539
7911
8062
7724
692
696
6711
9444
8711
6672
4766
5005
3275
5815
7701
2328
7372
4926
2554
9440
6832
7459
1228
179
9356
7540
1505
9043
7915
9573
1973
8716
6072
8953
9314
9642
2149
7627
4785
7525
7915
3583
2802
1551
2671
2899
5336
2771
7282
9496
3407
8893
2790
1587
7396
1797
1140
535
8600
3031
1913
6718
1531
4033
8279
606
4426
9297
3482
4296
2044
9716
1896
7788
4844
9810
4533
3178
6797
8285
4639
1485
9150
3602
4867
448
9952
3239
8665
659
3507
4336
8809
8614
5056
1609
2584
4817
3707
7321
5408
7850
4578
5820
6297
4532
1232
3642
5313
7300
1912
6766
5094
173
2088
2487
1855
9921
5946
5407
5485
7473
3835
8112
7829
6498
2991
9140
1806
2847
9846
9401
1780
5952
3172
9670
7094
7140
232
144
1448
6734
9346
3243
8331
7912
8889
1173
2097
9229
4433
1997
5141
2954
370
6549
3329
944
8233
5324
5811
3088
1192
3877
2079
6534
854
7210
6324
8500
8551
7240
9388
8830
4561
9736
1792
6663
999
5571
1564
164
3652
5169
4350
5219
9306
9679
6977
6135
3202
9124
4526
2881
3593
4199
5187
2075
9701
4230
7657
6889
6900
9972
6353
5248
6768
6527
8785
305
6322
1109
4199
4764
18
7188
2523
1041
1349
8605
3672
3396
2988
5492
7362
378
8063
1856
6623
5262
7011
4859
2963
5504
7640
8144
9134
8387
6874
8442
5283
5654
7423
5742
3036
2016
3690
4112
6937
3997
8056
966
4624
5943
9374
9078
4553
628
3998
3799
9659
5509
9712
3883
600
3159
7695
8842
9047
194
710
4848
3711
3649
6436
4440
3362
1242
2653
7217
1989
2306
7748
732
5172
2916
6984
5498
6129
8581
1082
1994
381
2575
5472
9276
3340
8356
1498
5037
8768
1849
982
4116
9327
6950
9982
2737
8826
7077
5609
3904
295
7222
706
1668
6054
6168
940
2536
2918
6109
1418
207
6021
4747
9401
7055
98
7331
426
1661
9068
624
6953
7783
1043
8429
1592
6917
4582
4548
8747
8468
5467
2795
6758
4152
9287
2485
9621
8107
8333
1287
6301
8976
8267
6762
2064
747
3631
446
8191
5318
3888
548
3212
6242
5394
9581
5116
8940
1282
1642
7334
4073
8702
786
6004
8701
9944
2273
6661
6518
4567
5630
7790
3072
3346
3802
2150
6731
1999
3989
4127
787
882
1528
299
7626
8522
1732
1430
6617
2860
4258
945
5675
1055
2995
701
906
3065
2336
9238
8773
1529
4587
5429
7084
2422
6202
7454
3394
9827
7918
8566
4802
5516
2698
5613
409
1539
7348
9927
5544
406
3443
7031
9673
2246
5240
5721
4084
1221
7993
7267
3007
2986
2606
9441
1099
3650
466
2582
5127
4075
4585
668
1349
8730
474
7883
579
2074
3617
8697
9559
8024
8910
6261
1878
2
7943
6182
346
9897
3969
4139
8724
6536
4798
350
4727
7486
3286
2777
7903
9894
9465
2351
6243
6773
1096
5482
8631
4985
4740
9192
5722
8955
8540
98
2842
8867
8137
5392
2604
1446
8792
4359
8547
5524
1752
6339
1148
4248
1272
7356
9625
8036
4865
1499
3627
5207
6795
8073
7731
5914
5487
7659
5320
3130
3160
1943
9848
7242
1918
2251
8296
9748
9539
65
5955
5070
7742
1644
8436
1871
4128
2004
9638
4547
6242
3890
3076
3051
8743
3261
5988
4498
6357
4723
4875
9840
4601
4468
5946
9904
6426
2910
4901
3409
4552
7438
2656
9012
5366
6106
7149
7125
4790
294
640
9740
7450
7540
7193
4156
7459
4295
8830
7143
9892
1815
194
8081
4792
2017
1097
2101
3722
5913
8839
3465
9306
6047
2458
6112
2458
3923
3475
8953
396
9087
1754
1832
2640
7894
3947
9215
9345
4157
3795
4350
4503
3984
2311
5658
7460
6426
2237
2935
1180
5817
1772
8084
9352
3977
3973
9111
4308
1651
3567
703
2926
3331
8496
4426
7005
8542
215
1319
43
6513
3855
6644
2177
7202
7410
4415
5188
8215
9658
9778
4033
8616
7581
2170
8720
8688
9170
34
3386
378
9841
1285
6128
4928
4161
7510
8451
6246
7475
7877
8800
8957
9725
3703
9281
2840
9744
4062
3035
7003
7518
1147
337
6754
7719
6148
6412
2030
1918
7024
3794
3981
508
7282
1758
588
1126
7749
2941
3971
4941
3672
8082
9827
4198
7601
248
4701
1749
1642
5577
6513
8596
8007
3792
2229
596
6822
5187
1029
5439
4501
6740
5922
3945
8291
3193
9826
3258
3486
39
5718
8659
8374
9714
742
9778
3095
1296
4199
7284
9697
1234
4276
4453
3479
5849
1163
4585
461
1209
8380
8024
5191
823
5389
4812
1080
1235
2521
4094
8172
4851
4299
5466
3433
4502
3013
8642
4087
8405
288
3985
5828
3769
6009
2020
4867
915
3714
825
1876
845
2544
3312
5880
1101
3570
2862
1574
1188
8812
2176
9845
3500
4451
1328
9952
8963
512
7747
1710
2407
4241
9124
7462
8199
8266
6979
4955
9137
9221
643
5666
7385
4513
3874
4684
2969
7534
5651
6253
9733
6067
5605
8356
5767
5817
1313
594
5828
4567
1191
1533
9550
444
9539
341
6495
5331
8821
3166
1151
9699
5857
2282
3057
1572
3235
5731
2247
7134
9169
9355
8053
6295
9079
6810
2223
5286
2066
908
9449
7229
4794
783
2589
4451
9851
7257
9122
7491
8564
1308
9239
3268
3096
2626
8459
7189
4082
1907
6915
183
9725
5348
2425
4114
216
6264
6942
9470
1292
4183
2008
9210
6621
4315
359
7174
8900
3205
40
1192
3223
8717
2217
1111
8944
4383
3862
7068
4087
6484
4673
6505
8487
8567
6228
5408
8571
4501
837
9336
8887
9649
5837
1645
7625
8329
6868
5895
7152
4520
9906
3188
691
6039
2104
5824
2077
9379
4349
8037
774
3734
1320
2136
4469
7210
4481
9402
7393
8617
618
8764
3103
3975
845
8692
8986
6001
1832
7300
7509
1517
3116
277
1294
3521
715
3992
6463
3834
9578
9750
115
6627
5044
3750
78
9340
2365
5573
2126
510
7946
9991
9929
1582
569
5868
6166
5779
7926
9849
3077
4667
5715
4016
8887
176
7669
6112
4037
7135
9484
7291
3607
7611
207
9041
1301
1959
8273
3149
3115
5876
615
8329
9505
9508
6387
613
3170
6112
3656
1953
6768
8287
7555
49
8730
2853
3601
3258
862
116
8093
8265
6617
2893
3130
514
9984
9245
3284
4893
183
7907
7969
5947
6748
3350
7847
1769
2874
3636
9707
5897
4409
4469
8321
4750
5137
8509
6838
4700
4553
3952
4544
2167
9916
6819
8963
9548
7463
5698
3478
1079
5684
4533
8070
2720
9313
1022
9228
5976
2617
5321
9346
4450
4914
2811
6442
6134
9872
2006
661
9910
6071
5605
891
5945
191
3508
9938
6826
2549
487
7796
6031
7981
483
3664
2507
4994
6087
8800
2329
2337
3373
7116
103
2328
4785
8384
551
6511
4333
1423
864
2218
2319
4137
3577
9946
9177
2820
7811
9079
7229
5457
2777
7766
5170
1895
9097
3473
5156
9863
644
6376
7400
9257
9512
7314
3554
1545
1222
1850
1070
4027
8866
1020
7970
2683
6638
8684
2735
7659
8073
789
1575
2032
9613
6821
4371
982
2741
3949
3473
9313
2475
7686
8610
3855
4908
5785
5078
3256
1540
6600
2672
2447
9495
3371
7277
8964
9246
9993
1560
5121
3072
9579
929
8154
8063
47
344
879
9552
7531
5744
8108
5661
2247
3396
4030
848
1026
1601
8761
53
3207
5485
3104
6418
7447
6166
5355
9727
7529
5946
3048
7385
1973
5548
5604
1830
9050
9730
9282
7481
6482
3197
9327
1008
4457
9454
1790
5669
4505
732
5629
8798
8883
4157
9385
2787
2216
642
3522
876
677
9954
4411
8298
5701
1176
3573
6729
2026
8990
5113
1222
4059
5541
7232
503
9500
6873
255
7864
9370
8955
1427
9092
7029
581
4795
678
93
3316
6788
367
4386
8613
6388
3456
3305
5302
55
8889
3936
4629
8187
2500
869
2124
8241
6284
9858
4586
5427
4926
5813
3110
7943
2037
2814
3920
6466
2975
5785
3486
229
35
545
9931
7503
3282
4127
7175
7240
8422
5550
6196
2656
4642
6743
6572
761
4860
9359
4205
7096
3248
5946
7128
1131
481
5554
1544
4745
9433
8318
1802
2101
8371
3522
941
1750
2070
4148
4623
5166
455
8749
5114
606
9638
6056
7411
9747
4192
7
6318
1541
9570
7956
3601
5268
5824
1381
1749
9218
9218
7148
9684
1107
1609
5165
9117
9197
7901
8671
8732
9748
7201
181
6398
5410
4290
7610
7916
1246
6687
6361
4999
7614
9014
5611
7497
6701
644
8458
318
9237
3844
7906
2373
7120
8343
5682
1690
2506
7028
4750
3609
8485
4365
6859
5025
3200
7770
8848
6417
1442
5409
8912
4675
6678
2665
6179
3828
3970
4243
619
19
7766
8717
2876
35
2906
9970
5888
2014
9074
8593
2994
1295
1819
8713
8140
3029
2372
7615
4597
793
2129
1564
3604
8437
613
7997
9002
8094
2481
9117
1868
4997
2866
9516
4720
6533
618
3023
3072
4269
9381
1134
7796
7316
808
3564
2763
3497
5724
3759
9255
5156
914
3816
8745
2742
59
4728
6671
1546
9222
1260
2148
5624
4816
6757
313
9989
7107
193
2385
2916
187
8956
3198
322
7224
5138
9009
8045
3285
4369
565
165
4989
1985
1358
769
5590
8434
5767
543
3175
4276
9105
7869
5678
9197
3561
2519
7399
5661
6683
1171
6412
5394
8947
9361
7379
4220
9212
6215
1254
5637
8530
5732
2206
9166
3852
2368
7585
8798
6888
655
6104
2420
243
3606
6737
2093
883
3935
5029
3887
6011
5516
2944
6947
1280
1775
3648
2296
6371
6189
9003
4063
6692
8962
9949
370
4786
3796
1095
4091
320
2911
7760
1215
7116
4818
7557
6180
5356
5737
6580
3008
7235
4394
4346
1859
7625
3080
2427
4443
9830
8106
9785
9374
6849
8813
9679
7461
7866
9058
1852
3464
6896
6626
9643
809
4854
2430
1344
6167
1990
6922
9932
5056
2486
2438
5734
4908
867
7573
4686
240
2169
1047
4526
692
11
8628
170
3550
8947
3238
1889
3924
3888
2242
3223
5754
3488
794
6973
1935
4381
9549
7635
2342
3905
9593
9377
8206
2303
7649
9294
9188
4599
9102
4381
7760
4925
5881
3919
9065
4182
4025
276
2571
9657
7559
9001
3274
8715
4827
2836
2167
855
437
1325
7790
6918
7492
3017
3960
3190
1302
16
4773
2878
5041
5210
5879
1764
1586
8275
3691
4712
9033
5520
3107
3668
7332
4607
6227
1693
4170
6300
2187
9329
2574
2191
8133
5352
3892
183
2982
5842
8468
1458
4219
7642
9906
6284
198
6637
5065
1940
2382
2113
2239
948
6617
5346
9191
9440
2725
7112
6177
6377
4733
6383
9288
6973
3824
504
8461
3913
391
5728
9671
7776
79
3631
6318
8348
3087
3682
569
1721
5842
618
8307
6182
6782
9615
8842
9656
8954
4523
2226
9733
8925
8973
5847
2406
8191
872
7948
9249
5373
5578
4485
4066
2867
8446
8834
3606
206
4406
4519
3251
2968
4796
2470
1443
7448
2490
2360
9462
5531
2746
5586
9767
9738
1263
7375
6051
9518
1646
4689
8576
381
4500
8681
8533
7154
7379
3862
9361
2380
6804
6139
4702
5588
3433
707
8220
5295
3238
3778
9223
6949
6989
4715
1659
7706
7940
5375
925
5090
151
7270
1584
2641
2900
3660
247
7468
4911
2958
9054
5372
9825
6152
6784
4324
5534
7291
3569
7831
5252
3991
4820
3746
4647
6716
2489
5509
509
5826
5907
9131
670
982
9444
8337
9931
4467
9178
6905
2457
2327
6016
5224
7534
1549
4883
6241
5069
6541
9088
9833
9870
370
5512
2596
639
7265
3760
7968
8004
2039
8768
3663
2423
320
9256
1430
9099
960
839
5778
7849
5709
3546
476
1298
3225
8925
8674
5336
1513
845
2238
1726
2220
6749
6933
1866
1554
8271
9096
6137
3329
5838
8915
6289
4184
4938
4808
3362
2169
8807
8852
5821
4633
5066
7236
7702
3461
3250
9916
3821
9734
887
1379
8216
5500
3528
4254
5674
9262
1612
8597
3703
8864
3709
6423
3080
9156
9056
691
154
6996
1350
263
598
2592
2747
7940
5496
7429
8200
4603
1017
4551
7864
6443
1618
8818
5926
3063
7408
8693
5196
9029
6603
6530
7620
8552
1503
4202
2217
2103
412
6356
1595
5504
510
2929
3078
5475
8055
2236
9509
9078
8578
2310
8059
3838
7391
5126
1955
4920
4312
7101
6664
4896
7559
9281
1829
1325
5419
3830
5227
6228
215
3043
6743
2696
9369
7402
958
4837
1665
2655
1124
9706
2522
5502
6248
4264
9059
4355
6552
6990
1626
8689
6871
9213
6556
4088
1025
3120
7815
6128
250
1766
7977
7404
6993
4392
5042
6061
7607
6916
5893
3905
3297
2590
5136
4993
7946
289
1660
1503
9162
1592
2789
438
3436
6921
4715
4730
3134
7746
7807
1520
4931
7198
4501
212
2765
6887
7916
8595
1914
8547
6959
563
7982
3812
4849
5817
1048
4260
4381
1584
9592
2086
7911
4304
9461
5713
8009
6738
8711
5781
4970
2847
999
1879
3113
5081
3202
8402
5074
4749
7686
2526
5727
2601
7715
6614
7320
8461
1385
7357
841
1833
1310
7590
77
6178
3410
647
6433
8720
2391
7417
3456
642
1877
812
11
3257
9561
3856
3772
6867
9987
5469
1058
8079
6200
728
3107
4606
8061
5226
1434
3846
5319
5222
7142
5056
5514
8488
2036
1405
210
2189
1638
6358
4650
969
5670
723
5295
2308
7512
2627
6922
422
3358
6568
3043
8044
8699
4813
378
6847
6368
7939
2426
9258
5954
6539
7727
7896
8586
3370
1907
6145
4864
7484
9003
9828
6591
9456
4999
2852
4159
7551
3545
7209
3529
1564
3962
123
8563
3234
5921
1738
4751
9115
5024
8520
7313
2279
2367
7234
5052
527
4054
9039
7756
7560
2237
679
7247
4767
7951
5278
6834
8317
1574
5065
4576
3966
9404
1197
3406
4606
9767
5541
1800
1097
8133
6910
1875
3519
7982
9242
6945
2266
4900
8114
1045
9802
9364
2500
6528
8904
6305
5490
5451
6557
3988
206
8607
5449
4306
5418
4119
2330
832
9295
8080
4987
5889
6624
8935
2780
6263
8503
681
813
2765
529
6716
4947
3971
8216
4184
9642
3666
6653
9630
5638
5337
328
2568
4930
9367
316
8137
2936
3953
1173
5442
7631
1687
9266
1698
9865
8835
9132
344
4029
8860
391
549
549
9283
6477
9700
1178
340
4969
8398
4796
8682
6692
347
4181
4065
5009
5975
426
2787
8251
7216
9686
6586
3170
7278
976
5440
6861
3966
4458
106
6633
9539
6276
4377
4713
1415
8308
2459
8749
4110
536
7851
9257
2895
1898
9063
1522
7295
7041
8231
5974
1219
2381
1459
9748
9498
2172
8401
9711
5461
2319
784
1164
6216
2196
4491
6285
7579
9472
8130
4464
5402
4605
3520
8355
4961
9136
2044
1284
1600
4281
3588
1799
5882
5721
610
312
3244
8050
8232
7085
9318
4472
9680
8012
4345
7657
1998
3518
1603
9270
4260
5095
6113
2877
2052
7758
9513
2622
6788
9681
7793
5354
4804
7578
1797
1634
2877
469
8503
8740
1940
8701
6781
3717
4653
2898
8102
3755
2849
8122
5555
9662
519
6601
7055
759
9303
5901
545
9329
2921
9508
8823
2600
9846
3594
2129
5547
859
2472
1200
5918
9660
2407
4566
6370
4918
6649
7225
1918
3650
1023
2774
9188
4046
6392
6921
7286
3699
8433
1548
177
5437
9207
3437
9828
5102
4213
3726
3544
1355
40
9014
5044
9930
2053
9750
1802
806
4701
7232
8180
322
8272
2279
8252
9326
2621
9544
8730
6674
7101
3611
4325
7017
9121
8967
1102
165
7909
4524
9576
8181
8351
5023
2635
309
3475
8282
6271
9756
8624
1098
699
8438
8094
8792
5050
4281
8058
4167
4867
5550
8955
3991
3591
1838
8163
1257
8421
4589
443
9578
769
8892
8331
4180
9633
2373
9133
313
1504
3506
5246
9973
7794
3691
2916
1680
492
5287
5882
7558
4472
8862
4355
4131
5036
7922
2
4699
3280
4669
1987
65
2975
6205
5313
9780
8082
1241
4335
5040
4135
1293
2572
6657
7016
6621
1659
9438
1013
6935
3490
4359
730
7153
8916
7105
5442
5146
5790
9611
5015
8070
1555
5584
4497
8732
763
5551
6347
1093
7881
8777
9357
4163
5947
6922
6030
9404
9731
275
2690
1925
215
5597
7899
5520
3454
7806
1466
4808
9714
7699
3926
2027
681
3634
3875
2678
5839
2404
8910
3606
5263
9766
3858
7266
5830
8425
9054
7205
7321
4511
8857
5359
5026
380
4585
5599
5765
7165
7884
7644
6296
6545
775
6100
6561
156
7821
2064
2160
1559
3540
7847
4368
9307
8400
7275
9813
823
57
1333
3882
1347
3891
2290
4043
2896
8432
9932
2387
3015
4727
2159
9709
4148
9635
8732
7913
2720
5571
2717
635
8169
8567
8153
9755
1455
7350
7272
1138
7887
7363
1671
8765
236
775
5105
8308
9110
7854
1107
4109
7769
5603
4734
5604
1743
2817
6556
9982
8899
5989
8493
546
5793
8314
9787
5494
9137
4124
7996
8383
2326
3508
4600
1032
7184
3195
3172
3717
2902
8655
5538
7731
2058
2333
4250
5265
9360
4009
1168
3635
5389
4403
5676
8293
8392
8091
5025
6665
3799
1139
8320
5704
6624
8893
8530
9511
9669
466
3330
685
8508
2223
734
9417
8067
354
6491
987
8371
4517
8814
2422
8208
7363
3205
8759
3855
7503
6172
7238
3486
7433
7590
2098
8704
5624
6622
5962
8272
1943
9975
9010
7298
7681
9591
8918
5582
4630
9944
5296
6303
1847
8902
5403
4226
8528
8766
3039
8845
6781
8304
1632
977
3721
9848
5147
4091
2893
4129
2146
9056
7263
1669
9815
8374
6706
2139
5803
3556
1438
1430
3942
8713
5677
5324
1976
5211
7726
7730
3615
7945
5369
7222
9984
8121
1784
8833
9866
1567
8465
2405
2315
3861
8503
7732
4310
3984
2577
35
369
1107
2246
9342
6128
5270
6052
2749
3689
3360
579
7211
7579
7164
6682
3092
6103
8580
2162
414
5246
7793
639
1482
3525
2271
3897
1855
9651
3652
7203
4850
8821
2919
7314
4353
3263
9157
7103
411
8376
411
5259
978
3691
4787
4639
9577
7849
461
8538
981
6739
8578
4351
31
2812
3415
7938
5440
7156
2122
5955
5381
3716
5085
7106
7984
506
7039
7543
8218
9809
2186
3687
7020
2209
5537
7284
4033
4746
3335
7136
2385
9648
8577
3094
5206
868
6880
5125
2376
3947
6325
7880
6873
1165
731
4646
971
9857
76
3046
4117
4947
1893
1346
3389
3912
1093
8365
3956
3128
1875
8493
6297
3613
4606
2685
4737
3334
4783
5536
3071
8654
6229
4122
1134
1955
5911
7110
8681
2856
851
6080
2300
9270
2414
6851
6205
4458
7984
3996
2831
1030
9450
1847
9337
64
9822
6360
2718
9732
3617
9463
7713
3868
703
7580
1049
6946
5428
5878
4919
4564
394
2616
3886
9989
8319
9020
3879
7164
7780
1528
8685
9943
4350
7199
854
4693
1304
8551
698
4469
484
1351
6776
8078
8025
9965
1597
527
5677
1595
7365
2240
2561
6562
7067
1492
7473
2116
9550
8767
3778
9525
4917
5132
3044
526
7170
787
9269
2109
9144
8873
6823
2122
528
622
943
6741
6956
518
5676
8168
8031
3618
9010
2931
4281
378
4389
7452
810
8149
6622
5702
8448
8684
9974
6521
6753
2531
7856
4458
7608
454
5314
9874
9896
5036
9545
5229
5918
7789
1214
1339
8260
4223
3604
6153
379
9466
4275
5186
2952
4656
3295
5406
4894
3712
7680
5368
3227
6551
5678
8441
394
4962
4394
7785
1864
9662
5873
9721
8759
5814
1396
7597
1300
8947
9530
353
8497
3062
5871
7735
7678
4513
2414
4508
4352
9748
2679
1224
2534
705
496
4309
607
1268
2401
5526
3612
8231
1739
3168
4664
8477
2532
953
3745
1761
5257
3251
5662
6908
5175
6807
1713
5717
8186
8712
436
2053
9260
3716
3561
2718
8045
9305
4332
1579
4547
60
4105
9893
9788
7683
1427
4808
7265
8250
5288
5071
2790
507
565
247
238
8180
2595
7425
5376
5190
5610
6363
6998
2640
4970
7052
5537
5873
500
5901
2196
7932
7822
9231
7302
9694
3704
9457
7963
4142
187
4908
7197
4819
4723
3934
4560
235
7238
4350
7624
3050
6753
881
6348
4207
6582
9614
9394
4468
1166
4930
1811
3263
2140
5589
2609
4418
213
8725
5025
805
4181
6427
9525
1135
7840
1771
8911
9520
5380
8570
2573
6749
9206
2749
2678
8550
527
9159
4631
4750
3399
8593
8903
5442
2578
7090
7977
2890
5898
2554
4964
998
7511
9350
2258
4931
9577
8818
9367
9145
4876
8672
3252
4612
9426
3824
3528
5952
5105
1267
3643
3030
3792
1192
357
9336
8457
6204
2660
3415
1040
4222
3258
6667
3772
9956
9258
1792
2059
9270
1294
8446
1681
1009
7683
7273
7611
8863
5792
788
2860
4177
6526
596
7126
4224
6306
9990
5550
1151
4219
5256
8450
1487
7805
9906
4214
3391
5200
1484
1113
2142
4989
6923
8620
7948
3096
8507
2803
7562
4784
9619
6994
9325
8038
9588
7202
3673
8184
2760
6960
1029
2876
4844
867
8295
3005
7934
2825
4625
5680
4140
147
9660
542
2096
4019
5854
728
2549
9361
2910
7608
8916
673
9889
6690
8489
5917
1574
6165
740
8856
6479
5169
367
56
7958
823
1842
3987
4509
8955
1679
7227
571
4512
787
6147
3378
8224
658
4812
8336
5160
4574
4649
272
164
485
9701
9447
3584
3683
2413
3231
2166
3423
1091
6117
2178
6965
6337
6155
5335
627
9142
6140
3781
3144
4085
1638
9563
1742
9310
2594
3281
749
3079
3718
9842
3479
2651
6792
4939
6230
818
986
1161
4419
5210
8361
3512
1300
3614
4075
8566
469
4682
2879
8620
5093
1058
5463
7895
3792
7355
9371
6307
2475
9890
8522
1262
5381
8858
7509
6719
9586
3210
7938
8058
1819
7376
5694
3425
5643
8895
6442
6738
2053
7374
3209
6520
7697
2123
4971
7044
5384
7319
5008
2987
3357
4132
3192
3730
5002
7095
4857
4398
593
292
4556
7982
2905
353
5227
2770
1201
7099
7900
9576
5808
6818
7039
4178
8828
3911
4836
2764
7237
4067
2755
6679
3907
9683
6640
3166
8530
2774
4925
6770
7361
2469
5804
6388
3304
8622
1984
6800
1707
7154
185
2043
2798
1250
7352
1092
3592
7047
7370
1342
2809
3752
8023
1758
1594
8053
6347
694
7041
8516
9123
1345
2051
2623
7243
1989
4803
2009
2479
8937
1156
227
1549
2977
4523
4624
8491
1867
6764
9382
3216
8146
6844
4243
7417
2190
356
6226
4039
1445
4871
6072
3727
7407
558
8753
5798
2820
8794
8200
9507
6175
2666
8725
3059
4458
8897
1433
8165
8084
4930
5350
8419
7962
2336
8589
8845
7020
3969
1456
2213
3636
7703
6796
21
2210
2044
3803
1596
6087
1040
6076
5278
5380
559
4142
155
5696
7010
9924
8354
3398
7053
9795
1136
2489
165
9984
2754
7491
8985
2813
5796
8492
4789
4963
8183
6421
181
1844
4752
6993
1734
501
3746
8899
6680
2534
3485
9976
2903
1670
2925
6985
9023
2898
7155
2717
7376
9659
1594
5620
368
1794
2538
2628
2629
7563
1174
5990
2913
3527
2392
6791
9034
1102
7606
8591
2622
3103
8055
5332
2421
795
2797
189
8661
7899
6581
8596
7503
4267
955
5580
221
5241
6852
800
6456
390
1738
889
9942
5812
9826
7629
4510
4497
489
3947
4553
8736
8973
1192
7964
9071
859
2759
4799
2948
2204
6879
3143
2987
5084
2833
2008
469
8865
6826
3933
6827
194
74
3807
1771
1014
5867
9874
7315
2671
6796
7448
4150
5558
2797
5713
3421
281
229
3757
5097
7690
8036
257
5825
3188
344
7875
7418
2774
8276
471
7647
9321
1142
8485
6858
3500
9907
7759
1569
3016
2444
1418
259
3442
9393
5803
2912
4254
8406
1565
2861
1591
9448
787
5595
364
320
5544
8448
5243
7128
2954
8218
308
7701
8630
8927
2575
822
1757
2524
7199
5773
9363
1378
9462
4485
2095
4022
3766
788
6472
6189
2994
9305
6713
359
250
1722
8267
734
6619
9512
2071
1039
4658
7449
5219
9600
9761
5297
2517
35
4524
1131
5843
3939
9656
5839
7187
407
8862
3334
2775
8547
6232
7634
1611
7835
7200
8432
5451
3341
7955
1042
9403
3486
5206
1699
9679
7458
4102
3339
6451
2722
4342
2143
1339
3322
8458
8319
473
2098
2969
4799
7608
4973
3898
9310
4041
3038
285
5908
3812
6871
9662
8756
5566
3909
7739
59
554
2890
768
4671
2008
7578
8436
1663
4647
1270
8732
6437
8399
1611
4157
3109
1144
3619
2570
7591
475
6854
160
6304
6346
997
2377
7908
8248
8926
459
4990
5508
2417
9571
5567
6648
3962
1073
9243
4814
3346
5839
5400
2144
5953
8485
9330
5244
9570
4050
3650
5311
3137
1431
5540
5260
6652
8219
1015
6502
4372
4271
115
1482
8694
1171
7840
5242
3390
3180
749
6178
808
1236
1860
8956
6294
5882
6301
1146
8337
8611
9201
1783
1651
4207
3321
8244
2658
567
249
1961
4158
8780
2643
8534
2723
212
4841
7163
1679
2897
2669
2871
9782
5031
9342
3171
747
2118
2587
8864
9243
3914
9687
6560
3137
8072
2827
5252
3931
9942
8409
4085
3875
3837
2798
1682
9605
1899
7715
5061
7213
6522
5381
8363
5731
6972
1067
5959
7531
227
4595
4445
3201
8171
2834
7848
8564
2484
8079
8308
4788
4527
4714
8615
4903
6059
8937
8974
4799
8988
8575
5124
4855
7946
6215
1387
473
2197
8208
4135
9913
9465
8639
8726
8650
6807
5705
6558
6628
8228
6027
3816
8603
709
5799
4937
5493
3392
4782
3753
4343
7517
2876
3630
7169
1004
246
8119
7612
3547
4182
977
549
988
985
8082
4984
3985
6997
36
9409
8550
8935
2160
8449
8935
290
570
9633
9750
2396
7636
6410
5500
1309
6875
7175
6789
5599
9725
5082
838
7478
8634
9064
4248
5243
5410
2042
1572
8834
7977
8806
2099
3933
3621
1350
8701
5487
7684
8657
5265
3573
2321
7734
2116
1837
5421
9249
7465
6277
6889
4007
4608
7416
698
5748
1859
537
8075
5101
6791
3227
4256
6900
4591
4904
1073
1797
8224
2908
1768
1801
3509
2568
9699
5044
175
5460
97
1362
8913
9954
7263
2664
6483
1640
2456
8334
2150
3239
2417
4374
9799
3225
8846
8221
6133
3240
4093
5744
544
2719
3767
4908
7417
7724
3225
4749
2929
5546
1989
6624
7647
84
9006
8847
3526
1055
3441
3985
8965
5196
3749
4391
7730
9556
1436
9368
4655
1787
8382
484
1453
6860
3233
6598
770
3283
1901
4485
7933
1870
6873
5868
4018
3034
4127
9791
5392
6749
1528
4328
2564
5423
6026
6623
2123
1142
7227
8529
674
1092
2636
5231
6481
1562
8448
294
5917
6701
691
8553
9957
7501
5405
2197
8147
9830
5641
5965
3208
9950
4263
3688
1200
3521
6465
940
3999
7626
5038
5918
4464
5842
4678
1577
1973
5070
3690
3227
8902
4475
769
5132
4423
9377
618
9047
5599
3713
2859
5795
1732
6163
1107
4263
5962
5213
8659
9192
2522
7606
2318
5314
4050
5327
4603
6297
1683
9232
4439
7273
6126
9704
6257
2334
24
3295
5941
6841
8431
6235
5823
6815
9243
8140
8720
9920
4594
6898
8559
9468
1630
3425
1804
264
3266
914
7311
2045
6251
1577
1605
1614
1548
4847
3865
8660
7774
9576
7517
2986
4710
4768
9898
6248
2851
122
9656
4389
5252
4125
9124
7190
9806
8419
9781
2785
5466
3970
6457
7727
3426
7485
8184
1772
7247
8761
7059
3398
9592
8798
1086
7992
9906
8573
1042
7543
9388
8450
1378
7528
2678
2356
6912
782
7503
7948
3468
2151
7562
84
7472
5492
9612
2873
8146
5462
2971
5248
7863
1130
4708
3490
3263
9319
655
7418
1088
3626
1507
7116
1995
3806
8723
3735
2084
6785
6900
2402
9601
3294
8480
2699
1990
5427
9344
6416
5095
9392
9848
501
8107
6202
2348
7604
6506
3128
4430
8713
8459
9866
4917
4948
6206
2713
3098
8151
6115
9232
1483
4456
2771
3627
3817
5580
7485
314
4431
9446
4117
1079
1423
8983
818
3004
6029
7724
601
9622
4233
3432
8413
7684
8020
804
5043
1
6044
566
2027
8185
4714
1896
8235
1713
5705
496
4168
1619
1707
1610
5631
1267
3581
503
2567
1551
7566
6325
4524
2089
4515
6862
5711
8208
7613
9886
5908
1524
5922
7762
2071
8144
5344
5869
1569
7939
1576
8208
9173
9177
2391
3541
66
7230
8810
1988
9129
5712
8367
6618
7110
7053
8830
9597
9164
5118
2751
2625
9014
4578
5681
264
1458
6124
1041
6586
161
5671
4730
3013
964
862
8675
6917
307
9843
6685
5991
9204
2576
7534
4111
42
3041
9356
5343
4663
5424
86
5090
7810
6497
9985
7759
2657
9198
9316
9595
7573
191
3253
1093
5798
8094
8496
3737
3742
6633
1791
722
9371
4887
9131
1372
3437
6082
2916
4027
9244
4483
4109
9852
3770
2988
1984
8014
8449
4526
3840
877
4611
522
2637
7011
6901
6487
3792
1122
8625
446
323
5437
8645
3353
7271
3012
3074
7583
8182
574
8405
9561
6150
1296
2891
820
1636
7069
1599
2460
7454
6870
9612
200
7113
2282
7163
6362
6761
7406
8007
6219
6145
9436
5256
859
1561
7483
7130
7375
7904
9789
7550
5009
2079
6805
2969
4402
6079
1675
6389
8163
9610
6151
5456
8111
6544
7464
6977
140
3380
484
4844
1914
8119
7652
6452
4307
9702
1421
2635
6
4143
7000
241
4515
8801
752
9275
2709
9727
965
8316
471
298
2836
2167
3997
3250
674
1492
2190
4587
5252
9156
9216
6875
5065
6961
2885
3695
3816
8059
3597
3091
1428
9608
7350
8056
5298
6028
4710
6958
5467
7315
3776
6841
9487
1263
3035
6796
4087
8361
6998
9189
9833
8928
5520
5127
5431
692
3974
9627
2018
262
2280
782
8707
5084
7010
2921
4163
4548
6549
6388
4130
1645
212
8916
7729
7344
3109
1793
9322
506
7572
4144
8213
1650
656
5765
6315
1010
8196
2022
1505
5138
9101
6876
2547
194
9827
5038
8119
1819
3987
5526
2468
2717
193
6751
8699
2598
2357
1880
7869
8548
7990
4566
6006
8348
146
9030
1019
3308
404
5906
3253
1737
7343
6557
5142
6212
9042
9869
8051
1308
6843
6639
435
8901
3023
2851
5855
5866
436
5119
2435
2489
4903
7587
5520
8307
1028
9503
4381
1117
7750
4217
1750
5774
640
611
5407
4980
1439
4698
5108
940
6470
649
1637
7020
8020
8789
5853
1755
9797
3766
1791
7634
334
3243
9023
4305
5767
4969
6654
5941
4077
5509
3882
3479
3575
9519
8205
8677
1441
3516
5106
1787
5935
2171
4909
9977
9167
8245
6082
8755
1294
2731
5314
8872
7509
9860
2716
8013
1145
2422
4575
403
1498
8623
3107
2000
4937
4556
6442
9724
8087
6271
7536
6091
6716
7237
5946
3932
4276
4371
3151
1942
3623
2153
8983
8278
8473
1039
987
9970
7714
5084
73
7044
2230
2307
1090
8570
3142
7098
1920
7281
4995
8277
601
5328
3453
8621
2983
6279
2110
4280
2610
5374
2458
8612
4616
8660
1523
2682
2400
441
6479
6308
8567
5413
3159
1806
2808
3941
8943
7725
5753
7466
7594
3750
1873
5443
6638
9689
1130
2325
5290
8017
4496
6702
7784
1891
6926
4313
7248
3501
9669
4709
7899
8824
2104
9249
950
9348
4041
4691
186
7378
4846
8643
2832
4672
3565
1450
6141
2341
6544
9479
8223
4425
5152
6115
9089
3278
7892
3782
1682
4966
2514
6328
3314
7389
9378
2578
6387
4830
1157
6972
9457
7666
9897
9884
675
7849
7962
7072
2564
5948
7012
7934
9209
7527
8769
9566
8970
6077
9063
4576
7230
5481
8975
1460
4382
8699
4984
9512
9554
6533
8239
6422
9235
7869
6539
3930
7069
8279
5787
1398
1064
4760
2987
3407
3547
3471
568
4769
8364
6413
9628
3439
1502
4080
9732
6868
9126
5675
1110
5169
3904
3703
9468
1138
8088
6139
4167
8793
1381
9036
5224
2824
8849
9214
6971
7050
4072
5672
5857
8475
8263
2808
3480
2688
8612
4952
2274
8459
4911
8074
9844
1695
1080
7720
4182
7553
4651
7356
3123
7941
121
5913
1316
1184
2868
209
9743
267
3416
5042
6632
4516
73
4987
6413
9529
9917
1160
6925
2440
2034
6340
4477
4467
2411
2216
9956
8107
3202
5569
6527
2636
7830
5269
2160
659
2833
4013
6637
3428
2149
9223
5821
4707
7700
2695
6872
6514
4318
6570
6982
4901
6872
6771
2995
6629
8210
1192
680
6826
3097
5168
8976
285
7776
5296
697
4334
552
6314
8679
2501
4747
9594
9026
9404
3644
5216
8270
7698
9539
8325
8157
8196
1432
6991
5698
9285
8448
1786
8400
8528
3677
8453
2931
438
7637
7302
1339
3168
6685
4868
5486
9777
6695
2769
6048
9189
2969
2402
5175
8195
7346
3971
6987
7322
6435
637
5070
5439
4069
5221
2556
327
7007
2726
8800
8046
1771
447
3268
4093
5801
8232
4278
4454
6480
7313
83
6046
1836
6113
254
6691
6698
6903
6542
7633
1239
1472
5240
4399
3975
5329
1259
1189
8136
3968
4254
892
105
5693
2369
5061
9552
9079
7187
2728
6929
319
9529
4801
2857
5549
6284
6005
859
6304
769
5710
2326
5063
8257
7335
8715
4832
6937
1371
5002
4500
6058
204
3645
6439
9824
2666
3674
5364
9145
8340
3119
4077
8257
6601
9896
9551
7025
5071
1169
3243
3224
5001
5009
187
6552
594
4467
6386
8107
9397
4858
4674
3214
5690
5308
3965
4927
981
658
978
7735
3713
7509
7307
8386
3123
123
8833
8353
589
8319
8677
3776
1891
1297
3326
9645
5840
6968
3776
3678
2344
8728
939
4975
3407
3985
9698
3420
4681
6783
8253
9315
4240
6866
7583
9517
5641
4026
8654
7898
6475
3707
9138
9739
4478
2471
7522
5320
7039
7414
4144
6180
5077
1622
3072
8420
5665
4385
9693
756
6951
96
7974
4871
1097
9276
6059
698
8072
7450
3567
9273
6794
3928
5741
9253
5811
6479
1261
3449
6559
9300
5864
4273
6826
5772
6727
1206
6582
7548
9146
7348
2455
5540
8442
9418
1890
5853
8793
9628
5641
8309
2276
2314
1524
7258
8565
7734
3083
7433
9818
5763
4414
2267
3379
567
6066
5942
8363
2536
7449
1160
8146
6347
7106
4549
7216
10000
6744
5581
8393
3558
2466
9119
7590
7108
3568
7276
6401
932
2014
7961
6846
5936
7023
5560
1325
4464
5430
4609
8327
9390
6232
775
1055
7186
4999
5013
4241
3961
987
1612
6162
6240
7328
1352
84
6684
4052
5472
9676
3636
9582
1630
596
3634
5055
2092
2191
8811
6955
4265
5368
8612
5056
893
2797
1836
303
2970
5887
7022
5544
6721
4528
9425
6232
5936
8668
3728
1392
4535
8552
2938
1578
9609
7416
4390
4608
6694
4926
1369
1754
2265
3463
5814
6378
5665
8895
3454
2085
7708
2302
807
4669
4763
1468
6530
9202
6084
3777
2250
4201
1962
3495
1357
6070
7698
6681
8876
2026
2143
9845
7902
1921
6574
9187
8421
1606
6746
2698
2489
499
4062
4854
3545
4146
5078
5554
1182
7699
2882
6059
7966
1861
3629
8855
7464
5924
7167
2007
8045
6453
1295
7414
1739
2444
2466
4417
7920
5630
4293
2156
307
8237
5256
8724
191
8899
3692
4186
3456
632
2328
4162
2974
3473
7989
8018
6944
3324
1555
6684
1568
6061
1078
4432
8020
8126
5666
8708
7141
2024
1213
3480
6511
2019
6312
2047
8024
3317
2187
5491
7555
79
5573
2348
6060
5627
796
6312
6757
556
574
900
7633
7464
9745
5705
3723
6108
9768
6835
4855
884
8046
1682
3609
5477
5966
6515
4247
1407
2288
4912
9272
5453
7324
4353
5316
1360
8158
4683
6313
8916
2494
618
7485
6628
901
2118
3602
278
903
5376
7826
6711
8737
4039
5557
6638
8409
235
4398
6897
5183
3035
7831
4506
246
3038
418
8291
940
6281
8632
8329
5160
5322
2162
2634
9129
4238
2705
4643
3531
5086
3167
9997
5122
7041
7260
4787
6232
6615
5318
926
6073
5597
3047
4931
2467
8157
3546
1200
2528
8832
9276
8569
6854
6701
9206
8360
7623
8002
6468
5114
8
8128
9133
5796
9601
8995
1039
3890
5894
927
8682
6416
9826
9396
8288
1902
6741
8907
6267
351
9788
112
1787
8212
8155
2442
996
4483
8596
7956
5208
8980
845
8018
179
8412
6251
6930
9626
8639
7383
2796
5956
3247
3161
6213
2270
8963
6940
649
669
4884
6545
5100
598
851
7055
2906
1363
5255
6061
1262
4628
8912
7559
1184
5824
2765
7149
9593
879
4412
4003
2275
3069
9362
6243
5630
6813
3228
4399
5567
8518
1432
5170
1843
4005
3018
8902
1313
6372
4472
1751
6849
2464
5791
3593
2062
996
9221
1534
9499
2431
162
7044
3509
8211
5741
3203
6077
6415
6787
6555
8787
6574
962
4839
6523
8135
2212
6810
1207
3
2142
9767
2850
8709
5042
6807
3145
5968
8784
9241
7222
9378
6012
1592
7216
4287
3629
4611
1981
8226
2572
9570
8133
1505
4249
333
8107
6524
9948
2381
7489
423
589
2587
7548
7082
7214
1082
7307
8447
7887
3548
2363
9762
9364
1497
3102
7706
7555
5632
1168
6865
6201
9034
5269
5485
639
9558
990
9576
5043
8381
7792
3931
53
2549
5740
9403
78
4785
6801
4009
5625
3152
9633
4550
8562
407
6011
9687
9635
3538
8226
3404
5876
5647
7590
6702
2127
5098
3665
7558
7984
2136
1011
8587
1639
8377
4463
2595
5517
8906
5881
7332
77
4370
5877
391
5251
2799
5222
8490
2799
162
6827
6868
30
1778
1519
6729
2542
7398
4772
9647
6753
7326
8735
1299
7687
6958
299
1581
2397
1755
5499
9675
3774
8099
1845
1618
9913
9163
6645
3215
3629
4800
7467
7455
6541
945
6949
5678
549
5392
6108
965
4888
7928
804
3665
6510
8024
2447
5377
3185
2928
5041
2875
795
2256
7282
5941
2571
2130
4574
812
4310
1564
5300
912
8702
957
8094
2841
1275
1924
2565
556
5813
2593
8968
5861
9486
3364
4188
5028
2547
4848
2769
9111
3466
4595
2047
2235
9052
5488
2185
6431
7704
9856
2485
6475
1871
8930
5149
7876
7294
5017
3279
9576
984
5757
3227
7728
5232
3060
3779
1429
9509
487
6374
8263
1145
4528
7801
1761
3715
7237
2199
3657
1630
2882
9127
604
6761
1361
8350
2624
9734
4837
7109
926
8607
6973
8584
3466
6847
8892
5289
1783
6732
2499
1366
5186
1596
3077
7082
4179
4768
3574
2075
7892
1339
7226
5121
613
7899
3587
7082
1441
109
639
8936
5133
9232
9147
1261
3699
6867
5964
3685
1308
2719
8222
6132
228
4279
9048
3411
2018
9890
5655
4314
3976
3693
615
9235
727
9598
592
6530
2268
5743
6895
2808
9197
4566
9370
6962
5466
5982
7667
574
6385
7916
8693
4101
3406
6705
3720
6758
8779
465
237
5511
4048
1621
1555
639
7881
6094
3257
3609
7745
9473
8880
2647
123
7152
635
1912
599
357
5123
3316
7720
3703
482
7724
832
7498
6902
9096
193
8233
7409
8213
2569
4960
8085
9349
4053
2204
7196
9951
5130
8859
8997
5647
9863
6546
6165
5319
1233
6411
5719
3263
374
7948
8058
309
1617
4042
612
4414
2723
7169
8032
9407
9111
8908
4322
5987
1581
2482
3454
2900
1408
8940
5950
6931
4300
350
7015
3918
9786
5984
6426
7937
6544
3583
9406
2537
7393
6065
3669
7796
9095
7243
3569
7568
4899
9617
3236
1982
1847
1062
2433
7561
2615
2288
1174
7614
2485
5043
1267
5298
3440
8221
1016
3699
2127
2261
6940
509
4833
9833
541
3498
4485
8734
1290
4988
8223
5678
1808
6701
1190
1869
3374
2384
2101
376
4126
8250
5370
8102
4164
6492
8841
8123
5292
6209
4895
1060
373
9550
7793
4062
6954
2417
3138
280
5000
335
174
724
1550
5329
2299
495
2710
7529
8569
4614
4041
6503
9784
7321
6719
367
8661
8056
9447
8846
8744
131
7574
1079
7542
7480
192
259
7252
3922
9197
505
6873
7948
1327
6246
3820
6354
615
8246
9114
1052
244
6125
5877
7146
6008
9819
7556
1705
1797
9119
2455
1912
354
7780
2943
3908
1287
1225
5140
552
6512
4198
1062
2308
5912
3459
7169
6326
9038
4270
4648
1566
168
7716
2266
1698
9184
796
5397
1894
5644
3927
2560
3102
4216
5912
5058
2385
1937
1240
4916
2452
8343
2165
7213
5287
7952
3589
5906
3049
5367
5864
6515
2485
9384
9510
2783
3904
2470
8307
1047
6886
1983
8392
6126
7939
2218
5751
3540
9524
5795
8829
4364
121
1116
7177
3087
1738
5393
4687
1662
9437
8625
4998
6538
7743
4664
5133
6379
5279
8285
4345
3023
3413
9925
9104
5839
1617
2888
4462
2914
6591
2514
3151
3555
5407
6649
6757
1497
9896
4142
2582
8745
9406
6409
5495
3999
9651
4303
6701
384
6832
4666
6658
1
669
182
8482
5185
4262
3323
562
2959
4940
8052
7069
7889
8294
6871
3527
7194
715
2727
2468
8821
7483
8694
7803
3161
8338
2730
1037
6509
340
6512
6539
1638
4357
1931
4833
7716
98
2835
3042
143
385
7605
9685
6366
3605
9240
6756
3942
2313
5035
7819
3518
6821
8642
1970
9930
8789
3818
5557
8234
4750
7063
4565
2334
5928
4295
3093
2858
5069
6941
7313
8795
1440
7305
3207
4643
3669
6041
2225
1406
1477
5004
4818
6461
2974
4195
6814
7225
1227
5420
6834
6654
5385
7142
7326
6516
6483
5024
419
983
2943
8887
7095
5604
6965
8260
4256
9874
2482
6388
5141
5714
4708
6547
4166
9104
227
4414
1280
4318
9660
6387
4765
6746
1809
5504
9463
6248
7534
3507
8897
1603
7178
4283
8048
8191
7715
2395
7737
3871
738
1767
9846
6994
3834
762
8669
2716
9069
1460
7549
844
8449
5648
92
4834
4979
2756
7404
2573
9143
312
7203
4925
3039
5743
5499
4438
3837
7805
3238
3778
9178
1286
5971
6654
9532
3979
7390
1807
8515
3138
3655
6966
2653
4440
5185
1668
8814
3925
2800
3117
3015
3233
1742
8397
1879
9307
3375
5764
3409
6676
6580
7927
3436
9418
2884
5723
879
4079
1906
2093
3865
3252
2122
8609
4349
5748
1521
3777
9946
7285
9100
7418
7572
7328
9883
7580
7087
9266
4194
7866
1681
8388
9618
2049
1771
1121
3505
152
6724
85
9517
3203
7836
7476
9173
9862
4380
1255
6642
8979
5319
9651
4505
3974
7166
2320
6441
4434
4546
6955
1035
7209
3120
1760
9065
5113
7977
803
5296
9663
2830
4240
3283
4452
2800
9748
2456
1610
5554
3802
7105
9210
7440
6904
9291
8098
7845
8611
8118
2433
3983
6485
4773
6489
9408
7394
4921
64
9946
4215
2827
362
6745
513
8743
411
8783
9399
4011
5850
4883
786
8765
2598
6938
2905
4481
3516
6067
5908
9281
4867
3514
2738
3794
8300
4248
9477
6848
8696
4862
5162
5431
7488
442
524
3387
8917
6313
3648
1557
1106
8252
3867
6930
7712
9738
5198
6678
4059
8804
856
6510
7249
7147
9254
5588
8969
2270
4792
5064
2645
6038
4156
6093
7334
4168
7372
2520
8825
5187
1870
5032
7827
4184
4016
5490
6118
2154
2205
7275
6107
4391
816
6234
88
3695
3040
764
4668
1566
9930
8229
9039
3136
2127
4663
1397
523
3624
2624
7815
7488
75
631
3717
4044
7441
8499
4859
9640
6225
5937
3151
9042
3654
1647
8895
1685
4680
4254
4151
3336
1731
1720
3312
9931
2462
4104
864
5902
6033
5282
1347
7833
3682
1049
8922
356
1966
431
9005
4695
8936
3428
5994
3617
6526
3579
2007
8754
563
2462
2096
443
697
2086
3508
259
7928
3087
3466
380
5348
7736
4007
1693
1905
2181
3957
5739
6473
1373
2526
2967
3886
8550
7921
7161
400
2897
8203
2983
9760
1339
1348
9454
3414
3069
1678
6759
8404
6246
8421
4664
6662
8511
946
7016
5981
9795
2802
4430
8189
8635
8640
9330
4666
3307
3115
1549
2389
2237
3769
8173
2445
8655
9073
4111
2457
320
2903
1544
9189
2129
365
5053
2630
5157
7549
1082
1690
1859
6250
4069
2484
6243
435
3621
5328
6808
9610
7209
5450
9014
6277
6596
5861
5631
6688
8632
8267
8713
9035
3885
2023
151
9966
2085
4930
1009
881
7119
5666
9853
397
6144
6392
6552
4203
1174
2801
9174
6191
3024
8306
2757
4517
7573
6729
3466
9541
4413
4329
9259
5110
1193
1869
4355
2396
4775
8737
5924
6128
2628
4906
4358
2581
9725
1283
7983
6275
5666
1727
5797
5851
1829
4877
3980
4797
586
489
4781
855
4273
6947
819
4561
1993
3946
267
823
6287
3266
5154
2016
3790
8727
6131
6331
7115
1428
368
2760
7774
5470
6720
8606
7798
2671
1926
3660
2001
5917
4726
1935
5500
8557
158
2218
523
8781
1802
109
9851
4471
7917
4413
4548
5416
3527
4971
2646
3502
8043
8011
4557
9408
5452
9747
3627
8015
9027
1423
2481
6343
3030
7791
795
8161
3243
6200
993
2036
8063
9291
7410
5337
9015
9965
139
8399
2928
9999
1399
8654
5985
7894
3096
6005
3773
5826
755
2793
8286
3337
403
4308
4570
4160
3074
7976
7397
830
8376
6416
4401
2503
2702
5058
2226
9655
5050
9171
1574
9393
9175
3286
7442
155
576
9512
6673
582
907
8729
1634
4058
3748
7160
8763
1831
8570
2687
7842
383
571
8465
6525
3184
4959
5715
9121
83
1589
3067
1506
3736
2699
4980
6158
4962
8132
1191
6940
8248
1878
5388
7154
203
5073
8159
6947
2067
1823
6300
3976
1610
7109
2660
7959
5810
9504
8483
2492
7785
4773
9648
4833
8848
5118
2290
926
8001
5024
5585
7456
5860
3262
2418
3824
7421
9887
1531
8397
327
8018
3178
9571
8685
971
7874
3950
3731
7314
6657
1584
6882
7759
3294
7198
9899
6106
7875
1981
2760
2200
2637
2556
1799
4040
2485
9676
5545
8309
6114
6590
9845
2964
2533
2063
6771
8638
1799
8337
1240
8584
7164
3198
3833
3042
6044
7750
5464
7270
3115
8869
4091
8393
3665
9145
843
5565
9867
8676
6471
7912
679
6897
8863
3921
5782
3001
5951
7327
125
9787
4578
3736
5018
7938
4581
6704
2228
8244
7779
4501
9035
4727
3742
6804
5269
9198
5077
1805
5932
9399
3621
4698
9553
6436
381
351
168
8603
6510
9077
1356
8407
783
87
697
4072
2168
1537
7703
2817
5835
8266
209
2171
5797
9301
8119
5314
390
4098
5097
3588
3889
6161
9422
1028
3332
6607
9845
2379
8951
7241
6596
2189
6889
4390
4641
6298
4401
3058
6552
6750
4903
6267
4889
3491
738
706
3903
784
4032
8096
8294
6608
9887
7708
5893
2090
6446
1340
9889
333
4893
4607
9958
3150
8881
4202
938
9470
8549
1838
6854
4504
9175
8511
257
143
7193
629
5461
6143
4683
1092
9836
9133
8583
6721
1020
1788
3595
4348
6523
4098
188
6088
8511
5940
4547
9752
1426
534
9290
994
2413
2316
1435
5452
1317
9743
7401
8192
9126
8347
773
1375
4320
6744
3178
6237
4153
1823
9672
3491
1423
4259
107
9499
4285
1742
8352
1499
2830
6161
3242
240
1986
9387
3812
3139
3017
2579
7527
8556
2347
8212
9344
5546
4622
2046
2797
5961
8174
7118
6291
6236
2942
7740
5407
8190
598
8009
9543
9852
2747
7307
2901
1108
605
5381
5074
9870
8468
5451
5676
267
6806
6607
7279
8257
7582
943
8445
312
6335
4576
3251
3230
986
9009
213
7755
3053
7221
7945
4183
5282
8574
4183
7908
3282
9100
6885
5030
6038
5340
4170
9461
3859
1610
5974
2331
19
8824
7960
1934
1019
7149
5220
1296
9205
4610
7004
7410
2697
5233
2790
5734
7333
9102
6720
8417
3848
5086
2991
6811
6807
6212
3718
6110
2219
2389
871
436
5188
4770
3631
3909
6438
9049
487
3220
5478
8983
997
8741
3433
9837
3298
3190
9368
9992
1474
3134
9225
913
9621
3221
3575
4083
1619
7462
7036
6659
695
1929
2083
9089
452
4417
2404
1885
5736
2183
7543
5990
7064
5405
5922
3448
5829
84
3950
8775
1876
9889
6644
5943
4807
244
653
8179
7240
9075
328
6434
8093
4535
4932
2611
1829
6541
5201
9422
8857
5169
7729
7888
5772
8866
445
1906
6158
7301
4057
5141
637
2312
5939
4098
9525
7666
8354
3134
4896
2129
9867
4021
5922
5041
2080
7529
8711
9717
2752
5112
7245
9618
8541
6234
7880
144
8165
3081
820
7052
9050
3609
9060
9964
7371
3581
4404
8952
2124
1198
9598
3274
850
8359
9625
3983
2801
7667
2568
8354
48
7011
8034
2777
365
8706
2403
4135
9584
8210
3889
4801
2177
4167
8380
5271
9923
8245
4241
9963
628
1131
4875
7070
2522
43
4328
7584
1737
1708
7661
7906
3969
4500
8875
2407
2314
3495
5853
9238
838
4016
6619
6241
5862
9178
8458
9228
7916
9079
4459
9115
5363
941
3460
8119
4998
716
3316
992
702
2429
497
1997
4718
8838
1943
6098
9044
7791
5472
8577
8388
8856
3224
2882
5537
394
2545
7437
4302
6096
8904
7680
6794
8279
2726
2990
3381
2516
2218
4367
6856
2322
4009
6534
1747
6620
7978
7132
5672
4914
8530
9741
3220
6014
2876
4856
2975
1338
3736
783
8534
1849
3708
9669
9514
1220
9288
1001
3830
5966
4103
9928
4872
9561
917
5980
3694
337
1241
1581
2338
8071
2489
2775
3648
7777
5487
2828
5176
76
6486
7510
6370
2436
2056
5585
2668
978
6084
2709
1058
4287
3567
3452
6469
778
6421
1614
1582
8255
6715
2984
3327
2465
5878
226
451
6851
3248
96
8768
5858
7956
9509
2436
3157
7631
8707
9142
5276
6916
5574
1253
9483
6789
9339
3615
3435
3272
7020
5132
3514
839
5902
8995
4976
8673
3785
2398
3397
2525
8854
4544
5961
2817
2581
7313
8501
2564
8286
9469
6306
7483
764
6980
6456
5658
4232
4989
5750
6480
1781
2463
9678
1675
5845
5238
3476
4245
3940
536
1032
7982
2508
4118
7736
5363
8202
5696
12
8848
2893
3855
2586
4273
3434
153
7049
8982
5157
9843
5174
4020
4349
6939
8406
4988
2472
1463
9453
6167
9699
5070
9770
4686
889
2705
8123
969
2144
2156
2855
4466
9751
2171
253
562
2210
8580
6430
62
6535
564
9180
3407
7341
8079
9027
918
3413
7454
9173
9253
7343
4996
2963
8476
3538
7486
9617
9933
2687
2500
7276
1496
6794
7668
5259
4783
3368
8914
4748
4482
2334
2333
6193
4966
5960
9546
9670
6758
8544
5005
6653
5323
5213
6086
357
1740
2696
5334
5896
3529
3427
3865
3422
5718
6450
2551
5686
3896
5232
6943
2440
7601
1542
2849
5599
5773
4441
5691
4011
3522
5912
2603
7364
6829
767
2293
8708
4125
8418
2273
1472
9452
4731
3865
5889
1442
7784
9746
577
6524
1637
6131
6263
4507
3439
7922
2610
3333
5714
9683
5220
7509
6411
923
4650
9016
5470
4848
4919
9992
3097
5232
5746
9220
8506
8682
6713
2447
1566
1582
7083
2700
2375
9944
5
3227
4305
845
9434
1038
9209
9622
4684
283
569
478
2121
8958
5221
4409
2512
342
7800
9139
3923
3182
353
30
7764
2121
8461
386
5748
260
164
3566
7917
8639
6364
5116
2836
4155
2622
5752
6791
7807
9406
3985
1686
2713
4996
8656
9933
4168
4936
3489
4653
8454
9013
3160
7394
2159
5927
4704
5352
6854
6190
8917
3709
6200
2691
3940
5188
8108
7327
9109
7305
3222
5970
5716
6268
2105
2370
4521
8015
6524
1587
6985
8795
8918
3067
2446
3638
8480
731
6030
4832
5406
7848
9031
8574
4986
4081
8137
7804
1390
2105
17
491
6133
452
6189
3889
6050
4199
339
8705
6430
6048
3315
419
6670
4918
7270
3710
1100
2058
8922
1475
8132
5565
786
8497
425
1633
1314
3201
3732
5991
1864
8607
9935
3403
8982
9495
2863
8258
893
1841
8020
4975
1972
2188
1560
6050
6851
7934
1975
4979
8553
4432
3476
3381
499
9362
6104
5158
305
4657
1889
3982
9619
5332
7530
1972
3242
5816
4386
1060
3338
2228
3682
4539
6762
1984
1457
2750
3866
7940
8214
56
9971
7309
4784
7204
6736
5345
8170
9113
8083
2525
4084
5999
7480
4742
1657
8628
1196
7434
1521
8279
791
784
9244
7325
7446
3609
1378
5968
6551
3297
4923
3121
3501
4972
685
524
6471
7202
7305
2607
1017
6306
7664
7600
8988
6466
3913
2779
263
1258
4014
3921
9661
1631
6518
1057
4630
3990
8876
6585
7607
1393
5596
3605
7166
5297
4925
5930
5619
8274
7609
718
2823
2385
7575
5510
3273
3575
1700
6868
7609
563
469
225
1773
4980
5282
6660
9543
5199
4484
1173
6076
9672
7972
9022
921
2888
1574
5311
117
4646
4855
518
1815
2130
5341
6120
8797
3265
496
6536
8743
1154
5713
2712
5428
7090
967
2185
5517
945
2833
409
3688
1978
9132
3803
1651
1155
844
5132
8900
7340
5465
1851
8885
2925
5007
8141
1120
8202
5529
3570
2263
3142
1796
4668
5402
818
735
7205
6509
279
7045
9430
9480
3288
7334
2942
2387
7337
6545
6274
3684
6214
7534
7838
6643
5633
5551
1677
3248
7944
5102
2408
8188
2423
7297
7285
4747
2871
1698
3587
3920
6140
2318
379
1052
7514
3141
6204
2553
3678
1849
4578
3017
7085
8296
4883
8946
823
441
2238
1623
2568
8781
4095
3451
6562
3231
140
7203
7356
8292
4698
2558
1820
3335
9313
6999
4332
528
4251
240
614
3831
8550
3968
4421
4948
7341
5290
8132
3208
7547
2761
4982
4245
8484
9965
7342
228
3056
4014
7325
7954
9405
8217
7532
4092
5214
496
2678
3805
4885
2533
3379
4421
1775
8893
5362
7941
9304
3499
6384
4798
9495
2784
8320
1028
9152
522
7086
6291
7006
3059
3020
4259
7350
6504
519
5395
2673
5167
6569
6820
9005
5324
422
1981
832
3855
4106
6347
2344
8708
2995
5183
36
947
1984
2846
5135
9739
2556
8262
6187
7584
8825
8009
9855
958
4140
7262
5633
1004
2989
7716
405
9570
5504
4778
2917
4367
7569
767
4449
7909
8109
9187
8819
3384
9394
4453
8954
9982
4886
4011
4716
3427
7411
1501
3957
2473
4989
2401
217
2283
4929
2830
8996
2766
7570
8547
291
2027
7042
4847
4254
7298
6084
3632
2163
5681
7541
3328
2084
1814
7843
2449
1041
3775
6903
1185
8467
8464
427
1463
9308
4349
4187
9994
5606
2052
4579
1941
8371
1669
6385
5164
5964
8993
6395
8979
75
9382
5404
7973
8237
6223
3333
4470
3199
9643
4799
8537
262
8960
4728
1610
4457
8760
656
9954
731
9917
7782
6726
4118
5590
4277
2069
7657
8785
8927
871
5656
9124
4499
6851
1927
1843
2496
9679
5985
8766
248
6700
6127
5996
2128
712
2501
1466
2131
5236
4384
3135
5116
5739
8391
6894
9255
7384
5837
8492
4071
6161
2560
3074
9432
2767
4160
9207
1973
8606
5474
1511
1336
1529
5517
4
6922
9356
5706
4719
5750
7008
2544
4109
3604
6185
5293
826
9084
9643
948
3425
2929
9378
6607
3784
2606
5329
2319
6096
1608
7181
7421
5826
88
1444
3105
1403
9592
3155
9393
7145
408
4947
2699
9716
9311
8885
5780
6317
6035
6237
1614
4578
3183
3152
3838
8794
8315
4673
6857
7194
7291
4882
6849
8839
9394
6653
2873
7219
7323
1873
9327
4259
962
5335
9309
6055
2211
1259
2364
595
4254
9310
1812
8065
7931
7324
3479
9964
3939
7865
1814
7134
6406
2848
454
5711
1113
2718
371
8498
4149
2288
6582
78
8892
3511
8279
9963
8683
2582
2027
7438
1244
871
1465
9522
4314
5491
8140
8910
8406
180
3008
4396
8072
9686
4316
401
1888
966
7777
4983
3637
5824
5373
3917
2838
2570
5136
2348
4210
9510
1604
4320
4914
4348
6805
4715
4974
1603
8508
5785
3934
2959
4734
8282
418
5697
4009
6976
3653
1234
683
6334
7995
4311
6437
5178
6458
4196
7366
8487
3959
6855
9581
6270
6833
4845
3880
8155
4416
2516
7361
1327
1038
3679
4615
3113
6461
5532
9380
997
5404
4380
8213
8051
7887
1606
5908
1667
4453
3085
4515
3301
8002
5023
8804
1037
5198
5010
4610
2983
3584
7308
1792
5930
6398
7385
8061
707
5788
894
2205
541
5056
531
292
7744
4808
9546
4712
8792
2594
7594
6229
3832
9948
1637
9822
698
913
8831
363
564
841
3991
2290
6008
8121
1612
7846
1373
93
6027
1486
409
5493
7649
5104
2151
7861
972
4652
7213
6188
5029
3303
5510
3748
5651
3729
2408
1738
7553
3340
3303
5681
7962
2743
6430
8040
6327
9717
7936
8408
2261
9125
9748
4374
6315
9102
2395
699
8164
3898
7754
976
5089
9486
2711
247
6761
2386
6385
5190
1424
4741
5237
7047
1750
9362
2756
3588
1639
2596
643
7777
4849
653
263
8983
2482
4701
8120
8992
8131
191
4506
3511
7959
200
5920
6455
9226
4531
8238
8675
7297
2780
2235
1624
3837
7632
2048
2017
4058
6811
7717
7767
8032
6251
9319
8490
9217
6783
683
9462
1872
1207
1692
3016
5748
6379
3029
275
9348
5025
9999
1765
2337
1646
2029
5231
7442
6536
6075
4149
5515
8153
1213
5130
6353
8118
2366
4568
9166
6461
6191
6920
971
65
6807
7389
6827
806
4733
5349
6005
8516
8356
8792
1738
3928
4091
7845
3742
4442
5547
7689
844
9444
8049
1465
1021
7268
209
3463
5258
5301
985
8491
5427
4276
9875
9493
4992
7874
4355
6159
3070
9066
1834
5477
4003
5562
6152
5143
1826
7657
7125
9162
2951
3031
2786
4900
8581
5697
5390
6990
546
551
2678
6776
4492
2394
3736
5258
5248
3436
9719
8058
1936
9492
477
5897
1075
406
7022
6698
1666
4190
5774
6311
4959
284
9371
5249
3660
142
3089
8951
4235
4566
1196
6046
5994
2629
2760
7322
8294
7046
771
2959
9693
5686
4150
538
9511
3206
154
6338
6512
8905
7447
5601
624
9115
1428
4135
4596
2539
661
6170
2721
7265
3968
8105
5735
9101
2212
5428
8280
1139
2225
1179
3496
8801
1258
3678
8261
2239
2352
4569
876
609
8258
6581
1225
7091
8257
9920
2779
7023
3821
1294
134
994
8228
8684
9256
110
6740
3400
8273
7281
2079
5195
8514
7486
7121
818
695
816
6778
6352
6272
5803
4292
860
6914
4550
2538
5988
6188
7797
6437
2681
9165
5583
9356
3990
1140
2178
6367
8805
9558
9306
7188
5863
5811
1342
7996
9123
6156
9378
3833
8058
4596
5936
4798
2010
8629
6369
1128
1362
6196
173
6335
2075
8070
982
9904
2381
9434
9024
4987
5707
2363
1763
9532
8552
4838
2443
4719
7916
374
5462
2488
4480
7984
470
1621
7594
8641
2146
8662
8063
5458
1209
8054
5724
226
2841
504
8656
8877
7778
9502
9146
249
1790
70
6131
4648
2417
5227
7205
749
8057
9585
9271
2777
1617
568
2136
7800
5923
6750
9600
1301
2197
7809
7023
1723
7106
6649
3538
8928
5824
5925
3711
5137
2149
2164
297
2774
9738
1872
6445
6594
566
8061
441
9077
4544
6678
1597
7280
4643
2433
5776
131
8828
9914
5554
3701
9596
4043
58
112
8935
5068
2127
9879
8383
1246
2990
6542
7603
446
2336
8742
3128
359
7578
3069
6526
4698
644
6992
9477
2329
330
2204
473
4882
7423
598
4313
6746
7393
3010
4359
2560
8602
1918
1969
2527
8286
595
7070
2536
6897
8668
4307
7635